1190
2038
2329
3647
5364
6331
6495
8388
8391
10469
11155
12673
13015
15918
16906
17470
18276
18618
18633
19508
20164
21137
22550
25287
26715
26894
26938
27747
28693
28761
28777
29304
29353
29419
30970
32998
35145
35845
35943
37555
38377
40098
40235
42188
42419
42478
42934
43871
45445
45822
45896
46081
46193
46504
47115
53369
53410
54075
54187
56243
56964
57756
60636
61757
62077
62269
63843
64111
65771
68595
69412
69544
70401
73726
74012
75428
78188
78293
80745
80915
83290
84649
84886
85128
85248
85508
85981
86284
87332
88087
88379
90954
91578
92533
92574
93503
94078
95227
98863
